# oST version 5.0 parameters


[image]

width
320

height
240

[narrow_stereo]

camera matrix
260.172623 0.000000 160.768332
0.000000 260.265257 119.201879
0.000000 0.000000 1.000000

distortion
0.163280 -0.292913 0.002210 0.000031 0.000000

rectification
1.000000 0.000000 0.000000
0.000000 1.000000 0.000000
0.000000 0.000000 1.000000

projection
264.722137 0.000000 160.302835 0.000000
0.000000 265.074524 119.104270 0.000000
0.000000 0.000000 1.000000 0.000000
